    272 2162
    147 1008
    139 2086
    129 2059
     50 2034
     29 2126
     26 2181
     25 1091
     17 2046
     16 2004
     12 2012
     10 2016
      9 2254
      9 2015
      8 2010
      8 2001
      6 2164
      6 2024
      6 2005
      4 2329
      4 2295
      4 2207
      4 2206
      4 2153
      2 2094
      2 2062
      2 2044
      2 2029
      2 2009
      2 1010
      1 2155
      1 2154
      1 2129
      1 2116
      1 2115
      1 2038
      1 2019
      1 2018
      1 2013
      1 2011
      1 1003
